[gd_scene load_steps=6 format=2]

[ext_resource path="res://models/balrog.tscn" type="PackedScene" id=1]
[ext_resource path="res://scripts/balrog_move.gd" type="Script" id=2]

[sub_resource type="SpatialMaterial" id=1]
albedo_color = Color( 0.403922, 0.403922, 0.403922, 1 )

[sub_resource type="PlaneMesh" id=2]

[sub_resource type="CubeMesh" id=3]

[node name="root" type="Spatial"]
script = ExtResource( 2 )

[node name="sun" type="DirectionalLight" parent="."]
transform = Transform( -0.836818, -0.215192, 0.503416, 0.494806, -0.690809, 0.52721, 0.234313, 0.690272, 0.68456, 0, 17.8595, 16.0436 )
shadow_enabled = true

[node name="floor" type="MeshInstance" parent="."]
transform = Transform( 200, 0, 0, 0, 28.039, 0, 0, 0, 200, 0, 0, 0 )
material_override = SubResource( 1 )
mesh = SubResource( 2 )
material/0 = null

[node name="balrog" parent="." instance=ExtResource( 1 )]

[node name="cam" type="Camera" parent="balrog"]
transform = Transform( -1, 6.40905e-08, -1.36719e-07, 0, 0.90545, 0.424452, 1.50996e-07, 0.424452, -0.90545, -0.741167, 22.737, -11.9282 )

[node name="balrog2" parent="." instance=ExtResource( 1 )]
transform = Transform( 1, 0, 0, 0, 1, 0, 0, 0, 1, 17, 0, 0 )

[node name="cam" type="Camera" parent="balrog2"]
transform = Transform( -1, 6.40905e-08, -1.36719e-07, 0, 0.90545, 0.424452, 1.50996e-07, 0.424452, -0.90545, -0.741167, 22.737, -11.9282 )

[node name="balrog3" parent="." instance=ExtResource( 1 )]
transform = Transform( 1, 0, 0, 0, 1, 0, 0, 0, 1, -18, 0, 0 )

[node name="cam" type="Camera" parent="balrog3"]
transform = Transform( -1, 6.40905e-08, -1.36719e-07, 0, 0.90545, 0.424452, 1.50996e-07, 0.424452, -0.90545, -0.741167, 22.737, -11.9282 )

[node name="cube" type="MeshInstance" parent="."]
transform = Transform( 1, 0, 0, 0, 1, 0, 0, 0, 1, 0, 2, 24 )
mesh = SubResource( 3 )
material/0 = null

[node name="cube2" type="MeshInstance" parent="."]
transform = Transform( 1, 0, 0, 0, 1, 0, 0, 0, 1, 5, 2, 24 )
mesh = SubResource( 3 )
material/0 = null

[node name="cube3" type="MeshInstance" parent="."]
transform = Transform( 1, 0, 0, 0, 1, 0, 0, 0, 1, 9, 2, 24 )
mesh = SubResource( 3 )
material/0 = null

[node name="cube4" type="MeshInstance" parent="."]
transform = Transform( 1, 0, 0, 0, 1, 0, 0, 0, 1, 0, 2, 33.9281 )
mesh = SubResource( 3 )
material/0 = null

[node name="cube5" type="MeshInstance" parent="."]
transform = Transform( 1, 0, 0, 0, 1, 0, 0, 0, 1, 5, 2, 33.9281 )
mesh = SubResource( 3 )
material/0 = null

[node name="cube6" type="MeshInstance" parent="."]
transform = Transform( 1, 0, 0, 0, 1, 0, 0, 0, 1, 9, 2, 33.9281 )
mesh = SubResource( 3 )
material/0 = null
